i made this 
8119 5550 2
491 5211 1
13776 19501 2
16338 16988 2
6593 19306 2
19306 6593 2
7904 8237 2
4271 6028 2
10613 16414 2
13814 505 2
14949 11751 2
4271 15277 2
7568 10835 2
13562 10316 2
16831 4545 2
1341 17366 2
11126 16636 2
16636 11126 2
17366 1341 2
1638 8763 2
16315 8833 2
19460 7909 2
2856 11623 2
5636 77 2
12136 13228 2
13319 5497 2
14996 6683 2
945 10793 2
1202 10737 2
1301 7880 2
3348 9328 2
3986 10155 2
5366 14833 2
7961 8925 2
8590 16718 2
8695 1668 2
9998 2131 2
10695 2322 2
11458 6961 2
16208 14830 2
17326 9650 2
18295 14975 2
19082 7188 2
727 8829 2
2123 7857 2
2627 12955 2
3223 17253 2
6000 18157 2
7857 2123 2
8829 727 2
12955 2627 2
17253 3223 2
18157 6000 2
1583 6142 2
1898 15103 2
2318 7724 2
2318 9301 2
6884 17524 2
8237 9460 2
8362 7724 2
10872 14268 2
11226 4758 2
15494 12812 2
17253 9888 2
18045 11013 2
18157 15515 2
18414 14347 2
207 603 2
679 5786 2
727 18752 2
2414 2899 2
6806 17908 2
6911 18689 2
10525 12756 2
16177 14650 2
17601 9486 2
2123 11203 2
2414 6199 2
4157 5576 2
8589 10164 2
9457 10945 2
10228 6630 2
11199 18212 2
12359 4359 2
13955 3777 2
16083 12687 2
16936 2635 2
16936 11124 2
17767 3566 2
17998 11648 2
18126 5707 2
18239 9208 1
18366 6935 2
18380 7116 2
386 2770 2
1207 1228 2
2164 11973 2
2364 10224 1
3098 6239 2
3728 4865 2
4589 9543 2
5957 17816 2
7331 12129 2
7404 513 1
7524 14473 1
7705 1236 2
8009 3153 2
8733 1056 2
8746 11902 2
9407 4338 2
11112 15996 2
13636 15620 2
14279 17816 2
15004 17233 2
15301 11362 2
15482 16148 2
15684 13140 2
15917 16188 2
16003 501 2
17463 12241 2
17796 12241 2
17983 17391 2
18362 19982 2
18437 965 2
18743 15023 2
19607 1059 2
19607 17370 2
1532 15103 2
1935 17741 2
6450 11606 2
6570 7117 2
6570 17052 2
6907 16216 2
7117 6570 2
9439 19689 2
11606 6450 2
15103 1532 2
15268 18385 2
16216 6907 2
16776 16993 2
16993 16776 2
17052 6570 2
17741 1935 2
18385 15268 2
19689 9439 2
2487 4370 2
3085 19584 2
3396 6288 2
6450 12395 2
6549 7584 2
7006 19715 2
7714 2288 2
7724 2956 2
8691 11908 2
9830 19123 2
10235 36 2
10466 5106 2
12536 176 2
13230 8139 2
13418 6588 2
13514 12633 2
16389 1791 2
17678 15604 2
17906 1437 2
7 13781 1
163 12944 2
3595 9954 2
4425 11634 2
4919 14535 2
6544 2165 2
6980 4654 2
7105 11450 2
7912 17407 2
8088 6119 2
8190 6935 2
8605 17035 2
10235 1074 2
10236 19384 2
10654 8018 2
11822 10049 1
11883 9525 2
12134 13296 2
12239 1005 2
12935 9600 2
13013 15026 2
14089 15670 2
14284 242 2
14902 8346 2
15082 2851 2
16410 5148 2
16462 6662 2
16679 10632 1
18086 8158 2
18511 13307 1
18614 16630 2
18845 8292 2
19034 11118 2
19925 1668 2
163 4861 2
284 11693 2
325 3154 2
584 6539 2
851 16924 2
1105 17050 2
1286 2691 2
1593 8017 2
1803 15766 2
1877 641 2
1939 8433 2
2463 15654 2
2748 15029 2
3891 7270 2
3958 3888 2
4241 8199 2
4673 271 2
5076 5641 2
5584 3762 2
5903 944 2
6028 5057 1
6139 1809 2
6224 552 2
6268 11332 2
7359 14895 2
7816 250 1
8250 3781 2
8394 10689 2
8394 13208 2
10070 1876 2
10408 293 2
10466 13293 2
10791 8185 2
11427 4792 2
11667 11407 2
12077 15390 2
12270 18217 2
12403 8272 2
12628 8076 2
13474 1252 2
13923 7178 2
13938 6174 2
13967 8930 2
14105 14263 2
14556 2242 2
15025 6972 1
15081 14377 2
15190 14565 2
15631 9756 2
15764 14683 2
16069 8992 2
16840 33 2
16952 7688 2
17093 1060 2
17107 15783 2
17212 7005 2
17952 12390 2
18222 7057 2
18290 1679 2
18638 10182 2
18882 17262 2
19149 12129 2
19162 12390 2
19209 14278 2
19815 19166 2
19893 8792 2
19893 12627 2
7 1010 2
303 6308 2
325 6638 2
691 7073 2
1532 5801 2
1667 10092 2
1872 4209 2
1907 14522 2
2059 16255 2
2340 16093 1
2877 16303 2
3214 7753 2
3450 4699 2
3498 13783 2
3611 14752 2
3776 2830 2
3997 3221 2
4509 7111 2
5017 10561 2
5159 17394 2
6463 19024 2
7359 3774 2
7609 3645 2
7671 1387 2
8033 12899 1
8261 13658 2
8679 14492 2
9141 12843 2
9554 10779 0
9863 13937 2
10069 3647 2
10315 4699 2
10846 17461 2
10990 10745 2
10990 11712 2
11243 11563 2
11333 14858 2
11740 3790 2
12270 11979 2
12989 1850 2
13514 1873 2
13524 13635 2
13736 1367 2
13907 9347 2
14210 12704 2
14297 11694 2
14520 8782 2
15081 14 2
15268 17926 2
15740 13302 2
15987 3880 1
16005 16043 2
16250 1831 2
16611 6335 2
16611 19918 2
16667 7216 2
16896 18624 2
17198 12091 2
17212 14176 2
17258 13509 2
17330 4494 2
17875 3639 2
17911 19013 2
18174 18367 1
18463 7318 2
18715 2649 1
18788 3880 2
19047 7977 2
19757 4555 2
19815 17426 2
19960 14700 2
658 2057 1
1118 18938 2
1169 2517 2
1823 8824 2
2057 658 1
2517 1169 2
3195 14009 2
3259 18236 2
4981 5644 2
5029 15592 2
5644 4981 2
5646 13946 2
5663 11824 2
6049 15400 2
6514 11641 1
6691 18393 2
7170 19065 2
7655 16559 2
8824 1823 2
9979 12056 2
10208 17345 2
10386 16100 2
11292 12021 2
11641 6514 1
11824 5663 2
12021 11292 2
12056 9979 2
13202 13546 2
13546 13202 2
13946 5646 2
14009 3195 2
14395 16073 1
15400 6049 2
15592 5029 2
16073 14395 1
16100 10386 2
16552 19138 2
16559 7655 2
16610 18201 2
17345 10208 2
18201 16610 2
18236 3259 2
18393 6691 2
18938 1118 2
19065 7170 2
19138 16552 2
399 17228 1
520 15241 2
1379 1365 2
1379 6959 2
3007 13826 2
3197 5192 2
3208 15203 2
3979 2552 2
4011 18128 2
4167 7321 2
4330 1591 2
4487 9009 2
4545 3802 2
4773 2443 1
4801 10338 2
4864 13307 2
5723 186 2
5828 7025 2
5846 13225 2
6321 7370 2
6428 3001 2
6699 6068 2
7103 7636 2
7118 13984 2
7154 7394 2
7181 8535 2
7492 11173 1
7584 18098 1
7687 12759 2
7973 4992 2
8273 18865 2
8386 11627 2
8461 17177 2
8864 14538 2
8984 7762 2
9161 3702 1
9626 18144 2
9757 10382 2
9970 4422 2
10148 7906 2
10223 12560 2
10560 4387 2
10878 367 2
10882 9209 2
10892 3055 2
10892 7628 2
10933 6119 2
11577 13339 2
11814 17328 2
11873 15510 2
12014 18660 1
12424 18185 1
12693 11922 2
13118 18098 2
13322 3408 2
13415 9890 2
13450 15797 2
13645 9272 2
14483 14339 2
14491 8965 2
14963 13086 2
15098 1381 2
15623 8004 2
15738 619 2
15874 6767 2
15937 2254 2
16068 9420 2
16385 1731 2
16629 19441 2
16696 11228 2
16706 4201 2
17037 7851 2
17053 19583 2
17167 6415 2
17302 9485 1
17548 5264 2
17585 9188 2
18002 17628 2
18057 15350 2
18201 3720 2
18305 6481 2
18461 10737 2
18798 17531 2
18843 7666 2
19223 903 2
19517 14735 2
19737 19578 2
19933 4106 2
77 5268 2
166 8279 2
517 12499 2
714 11217 2
734 17218 1
1362 10961 1
1471 3211 2
1505 2162 2
1562 6412 2
1562 13510 2
1721 15946 2
1880 5839 2
1905 15466 2
1931 14737 2
2256 17675 2
2336 66 2
2637 17709 2
2827 6503 2
2898 3502 2
2899 9345 2
3012 19943 1
3288 19654 2
3703 2126 2
3893 14809 2
3993 2946 2
4014 15561 2
4015 9452 2
4400 5241 2
4430 10472 2
4464 1664 2
4528 6958 2
4528 10785 2
4819 760 2
5200 18214 2
5580 11735 2
5607 9494 2
5666 14015 1
5793 16813 2
6290 9023 2
6290 16843 1
6600 11241 2
6815 14190 2
7074 7525 2
7133 7130 2
7324 9905 2
7470 7576 2
7615 4232 2
7672 1265 2
7950 2961 2
8029 8012 2
8188 15585 2
8208 13651 2
8666 17930 2
8748 9583 2
9035 3100 2
9036 4802 2
9170 13688 2
10032 17730 2
10037 17091 2
10837 8185 1
11089 2776 2
11113 10860 2
11299 7900 2
11330 12472 2
11331 1260 2
11382 205 2
11487 3657 2
11570 9039 2
11821 501 2
11950 7908 2
11989 10961 2
12289 6452 2
12477 3526 2
12477 13462 2
12630 220 2
12666 7226 2
12786 14926 2
12871 11320 2
13059 2961 2
13083 10248 2
13083 14738 2
13470 1643 2
13542 1968 2
13804 9196 2
13958 12114 1
14072 14348 2
14086 6956 2
14130 3667 1
14157 18728 2
14184 17578 2
14293 8310 2
14903 3742 1
14963 1259 2
15187 10785 2
15277 5057 2
15311 14334 1
15625 17115 2
15885 10196 2
16051 9759 2
16207 3255 2
16392 3445 1
16616 12135 2
17336 4571 2
17418 7588 2
17487 16037 1
17588 6147 2
17645 273 2
17831 6197 2
17861 4613 2
17869 5425 2
18083 11032 2
18139 16960 2
18258 16766 2
18906 17064 2
19285 10729 2
19387 623 2
19394 11059 2
19394 12000 2
19534 2776 2
19546 19728 1
19559 12329 2
19559 19449 1
59 6372 2
246 12531 2
530 19580 2
697 15327 2
748 13227 2
1001 16255 2
1214 527 2
1275 19918 2
1562 18172 2
1874 18780 2
1967 18027 2
2419 16582 2
2708 14275 2
2708 19062 2
2742 8242 2
2898 19037 2
2993 4504 2
3303 11020 1
3479 5784 1
3497 8935 2
3571 14165 2
3783 19555 2
3887 4724 2
4025 9137 2
4033 8505 2
4033 18973 2
4115 11197 2
4407 19263 2
4430 10363 2
4487 4645 1
4593 612 2
4743 15681 2
4932 18230 2
5008 3124 2
5230 10770 2
5467 18247 2
5608 17898 2
5799 18428 2
5939 10958 2
5963 14165 2
6247 14840 2
6321 14492 2
6445 1656 1
6554 1182 2
6554 5868 2
6596 902 2
6699 10326 1
7047 1542 1
7103 14410 2
7107 19975 2
7133 12202 2
7355 16554 2
7452 10799 2
7584 2868 2
7954 8451 2
7957 18719 2
7981 9985 2
8195 6365 2
8208 4364 2
8332 2763 2
8465 16255 2
8618 5441 2
8845 9584 2
9789 4731 2
10112 7771 2
10213 12663 2
10380 1662 2
10572 13094 2
10693 7556 2
11292 17966 2
11527 12663 1
11728 18223 2
12033 10777 2
12033 13552 2
12080 17203 2
12088 3040 1
12088 3293 2
12178 6559 2
12464 12784 2
12567 16786 2
12724 4757 2
12775 9394 2
12793 5049 2
13096 17400 2
13228 782 2
13228 19075 2
13287 5712 2
13438 15028 1
13494 15102 2
13630 12762 2
13684 9269 2
13689 8133 2
14057 19937 2
14151 19330 2
14317 19270 2
14417 12798 2
14417 16826 2
14483 16726 2
14550 4757 2
14561 97 2
14592 2259 2
15104 11628 2
15218 4309 2
15369 15227 2
15567 4886 2
15633 2594 2
15647 12040 2
15768 17150 2
15874 10733 2
16068 1556 2
16608 6467 2
16686 11260 2
17585 1161 2
17652 13978 2
18069 11637 2
18229 13556 2
18312 10242 2
18337 2160 2
18377 3109 2
18430 11115 2
18707 13400 2
18817 5542 1
18818 12942 2
19123 5389 2
19123 17789 2
19276 10494 2
19325 18028 2
19494 15612 2
19497 8371 2
19742 5209 1
19781 14469 2
19839 4055 2
36 17503 2
77 1187 2
143 19190 2
176 16841 2
218 14346 2
256 12212 2
520 10018 2
617 14046 1
646 3587 2
646 13696 2
655 1799 2
695 2735 2
697 12208 2
751 19512 1
840 7965 1
859 13298 1
1118 2409 2
1131 4237 2
1511 339 2
1526 4707 2
1635 562 2
1779 12579 2
1960 19699 2
2108 12398 2
2110 301 2
2227 16929 2
2273 19655 2
2632 6045 2
2701 8671 2
2742 2495 2
2825 19204 2
3082 15994 2
3198 7489 2
4052 3506 2
4382 5433 2
4407 18423 2
4453 17974 2
4489 113 2
4693 17292 2
4989 4108 2
4998 3178 2
5025 1487 2
5200 8968 2
5332 18171 2
5455 9582 2
5481 15693 2
5649 8764 1
5649 17505 2
5663 7429 2
5663 13885 2
5973 8486 2
6054 6045 2
6089 5975 1
6194 4712 2
6343 11948 2
6445 7784 2
6487 17131 1
6654 8320 2
6699 9244 2
6700 3402 2
6756 5361 2
6853 12448 2
7103 2710 2
7272 12489 2
7299 19850 2
7574 5572 2
7658 7038 2
7950 334 2
7999 11169 2
8188 13188 2
8206 2911 2
8208 18618 2
8523 3915 2
8951 19940 2
9757 6542 1
9865 15444 2
10066 8197 2
10299 3788 2
10309 19820 2
10502 13723 2
10605 19462 2
10736 724 2
10877 17694 2
11351 7395 1
11539 19400 2
12057 18186 2
12264 12799 2
12324 16873 2
12561 16942 2
12675 3620 2
12740 15919 2
12775 15807 2
13111 10321 2
13123 2312 2
13306 12654 2
13558 14746 2
13618 14011 2
13739 3299 2
13739 17432 2
13868 1723 2
13999 6160 2
14033 2467 2
14062 8883 2
14151 11789 2
14206 11283 1
14381 6060 2
14591 5654 2
15056 11289 2
15056 15870 2
15067 4690 2
15287 14757 2
15302 5864 2
15454 6562 2
15513 5650 2
15652 15964 2
15652 16425 2
15683 4050 2
15719 7675 2
16114 720 2
16159 2458 2
16225 2080 2
16294 14794 2
16451 8614 2
16492 7797 2
16719 18582 1
16733 18090 2
16861 5645 2
16879 11977 2
16983 1087 2
17168 7720 2
17267 2646 2
18117 17492 2
18181 17023 2
18363 2753 2
18456 1304 2
18519 15430 2
18613 13811 1
18707 14420 2
18732 1251 2
18803 4038 2
18830 6413 2
18856 1092 2
19000 3643 2
19058 5105 1
19230 3869 2
19287 11689 2
19380 9574 2
19515 16727 2
19551 3846 2
19575 4438 2
19714 3673 2
19782 14215 1
19839 4663 2
234 952 1
242 18957 2
269 8657 2
336 17298 2
700 18067 2
918 6566 1
952 234 1
1074 15049 1
1253 13860 2
1296 19186 2
1340 16674 2
1725 5168 2
1731 19688 2
1839 15036 2
1896 8508 2
1900 2064 2
1940 3847 2
1991 9525 2
2064 1900 2
2190 11746 2
2483 14349 2
2523 18766 2
2758 19366 2
2963 16055 2
3031 4343 2
3094 15539 2
3331 6070 2
3847 1940 2
3985 10978 2
4261 4944 2
4343 3031 2
4543 17076 2
4676 6218 2
4944 4261 2
4973 18489 1
4973 19408 2
5065 9978 2
5168 1725 2
5265 8925 2
5265 9695 2
5402 10862 1
5412 19688 2
5912 10942 2
6063 8016 2
6070 3331 2
6218 4676 2
6253 7878 2
6566 918 1
6895 12599 2
7488 13218 2
7562 10895 2
7629 14625 2
7823 7878 2
7878 6253 2
7878 7823 2
8016 6063 2
8308 15099 2
8508 1896 2
8584 12909 2
8657 269 2
8905 18673 2
8925 5265 2
9324 19222 2
9328 12052 2
9525 1991 2
9695 5265 2
9844 17481 2
9978 5065 2
10511 11192 2
10527 16506 2
10862 5402 1
10895 7562 2
10942 5912 2
10978 3985 2
11009 15342 1
11192 10511 2
11627 16665 2
11634 16672 2
11746 2190 2
11848 19433 2
12052 9328 2
12203 13382 2
12599 6895 2
12825 12902 2
12886 13964 1
12902 12825 2
12909 8584 2
13218 7488 2
13382 12203 2
13860 1253 2
13964 12886 1
14349 2483 2
14625 7629 2
15036 1839 2
15049 1074 1
15099 8308 2
15342 11009 1
15539 3094 2
16001 18759 2
16055 2963 2
16096 16555 2
16506 10527 2
16555 16096 2
16665 11627 2
16672 11634 2
16674 1340 2
17076 4543 2
17298 336 2
17359 17653 2
17481 9844 2
17653 17359 2
18067 700 2
18489 4973 1
18673 8905 2
18759 16001 2
18766 2523 2
18957 242 2
19186 1296 2
19222 9324 2
19366 2758 2
19408 4973 2
19433 11848 2
19688 1731 2
19688 5412 2
65 2245 2
81 6133 2
121 5393 2
254 6507 2
300 8342 2
360 7320 2
387 10415 2
467 11054 2
506 8022 2
613 6653 2
630 8494 2
630 14201 2
732 9428 2
1255 19837 2
1350 1460 2
1351 9059 1
1351 17578 2
1365 2367 1
1467 4473 2
1536 12718 2
1565 12343 2
1789 9634 2
1920 10675 2
2069 5859 2
2236 12566 2
2457 18211 2
2528 12408 2
2603 16940 2
2715 15934 2
2844 12284 2
2851 3705 2
2897 5713 2
2921 18610 2
2929 17154 2
3055 8597 2
3590 7829 2
4317 15348 2
4369 7414 2
4514 8650 2
4717 5600 2
4782 14694 1
4877 7346 2
5129 1429 2
5218 17944 1
5257 1566 2
5470 16455 2
5548 6653 2
5797 17754 2
5887 7619 2
6001 13393 2
6050 1785 2
6052 16678 2
6215 7145 2
6253 5421 2
6662 15069 2
6808 14299 2
7423 5134 2
7572 321 2
7585 3211 2
7793 15423 2
7819 6555 2
7823 15086 2
8568 9452 2
8727 6225 2
9186 13100 2
9212 6133 2
9416 2008 1
9465 1017 2
9478 3445 2
9480 11039 2
9498 341 2
9747 19565 2
9927 33 2
10217 11516 2
10288 5454 2
10475 15700 2
10481 15216 2
10798 12644 2
10896 5438 2
10909 12194 2
11134 15698 2
11140 14092 2
11184 13516 2
11321 18786 2
11341 7010 2
11477 19106 2
11532 15185 2
11558 8792 2
11572 14468 2
11718 6234 2
11765 12130 2
11894 5122 2
11894 7619 2
12144 16602 2
12206 11951 2
12864 6083 2
12885 16741 1
12950 3903 2
13086 2977 2
13086 18386 2
13281 2464 2
13349 25 2
13565 2626 2
13599 552 2
13629 11714 1
13759 15570 2
13771 11846 1
13881 12644 2
14099 19009 2
14261 16017 2
14323 8707 2
14352 14468 2
14476 19720 2
14485 3526 1
14741 13802 2
14817 16979 1
14948 7804 2
15269 2640 2
15355 3357 2
15564 17948 2
15595 13637 2
15629 249 1
15842 8670 2
15926 15782 2
15959 18563 2
16056 17709 2
16245 19054 2
16249 3890 2
16254 1650 1
16463 18175 2
16674 3500 2
16792 5982 2
17076 11407 2
17119 25 2
17165 19470 2
17219 1887 2
17285 12783 2
17332 4032 2
17470 5069 2
17624 14679 2
17763 15707 2
17797 1788 2
17887 15767 2
17951 14748 2
18341 17913 2
18354 8082 2
18388 11961 2
18409 16037 2
18475 405 2
18518 16223 2
18580 2464 2
19032 17848 2
19095 16668 2
19116 1488 2
19117 2210 2
19198 8680 2
19222 5198 2
19299 16259 2
19408 1378 2
19464 5688 2
19685 9568 2
19702 19569 1
19726 3130 2
19825 594 2
19941 9751 2
162 9794 2
269 4140 2
337 2613 2
426 757 2
452 18344 2
635 16279 2
1073 7392 2
1127 15599 1
1145 11909 2
1418 14152 2
1467 6999 2
1468 2081 2
1585 7899 2
1621 5010 2
1645 16688 2
1816 5484 2
1893 7086 2
1940 16080 2
1999 6262 2
2013 1203 2
2103 19812 2
2166 10996 1
2185 4416 2
2314 12517 1
2360 5674 2
2360 6552 2
2552 7886 2
2635 1542 2
2758 13867 2
2780 9086 2
3217 19063 2
3227 15891 2
3278 12933 2
3616 3922 2
3844 4134 2
3852 3469 2
3988 3908 2
4440 4938 2
4493 8163 1
4513 18602 2
4557 7726 2
4590 12914 2
4627 4325 2
4739 17045 2
4973 3647 2
4992 2530 2
5033 8097 2
5129 15351 2
5218 17519 2
5228 18428 2
5314 14587 2
5319 4595 2
5515 7101 2
5515 17057 2
5681 19937 2
5935 15119 2
6068 9052 2
6150 1674 2
6254 16386 2
6393 2548 2
6485 3124 2
6489 18387 2
6621 10542 2
6877 1847 2
6877 9592 2
6922 10963 2
6994 15646 2
7068 19304 2
7078 1634 2
7386 14456 2
7396 3469 2
7743 15499 2
7745 17095 2
7767 13978 2
8023 1687 2
8023 19257 2
8044 18992 2
8145 16722 2
8209 15780 2
8275 17266 2
8380 9533 2
8434 10211 2
8495 572 2
8854 492 2
8921 3523 2
8943 4935 2
8953 7311 2
9074 495 2
9149 5184 2
9208 548 2
9287 19270 2
9329 3623 2
9360 4122 2
9420 17878 2
9441 19530 2
9485 850 2
9526 15895 2
9890 3221 2
10012 15316 2
10019 14302 2
10040 5995 2
10345 6107 2
10422 19189 2
10503 1450 2
10554 2071 2
10590 11640 2
10594 14087 2
10698 12011 2
10834 17982 2
10924 7896 1
11160 3327 2
11178 1337 2
11181 10956 2
11192 14275 2
11294 7300 2
11294 9229 2
11339 16528 2
11421 137 2
11461 9246 2
11490 4280 2
11607 13391 2
11717 13384 2
11730 18706 2
11743 6678 2
11812 18367 2
11913 18617 2
12101 8306 2
12104 16786 2
12139 9334 2
12140 14530 2
12287 9611 2
12457 10479 2
12777 15051 1
12787 18577 2
12825 17870 2
12886 12778 2
12906 12914 2
12951 126 2
13048 10363 2
13054 9686 2
13060 1269 2
13127 17273 2
13176 8415 2
13204 9693 2
13249 10745 2
13296 4875 2
13375 7787 2
13390 4699 2
13504 5562 2
13698 1262 2
13744 14274 2
13878 15117 2
14017 16295 1
14020 10543 2
14109 9814 2
14227 4895 2
14335 4723 2
14363 7258 2
14649 13114 2
14707 12622 2
14754 1971 2
14817 9825 2
14882 19459 2
14935 3346 2
14951 19396 2
14979 17188 2
15085 15279 2
15180 1262 2
15308 17704 2
15437 850 2
15478 1546 2
15642 901 2
15655 6805 2
15671 16443 2
15959 15258 2
15982 12266 2
15993 3681 1
16359 8747 2
16364 13476 2
16480 4413 2
16523 13979 2
16672 3954 1
16672 14914 2
16751 18465 2
16955 4227 2
17029 9251 2
17126 11071 1
17376 16405 1
17383 15860 2
17976 5293 2
18006 4540 2
18105 19915 2
18383 1360 2
18417 10584 2
18505 5753 2
18568 1975 2
18660 17748 2
18908 8808 2
18925 17613 2
18957 2743 2
19474 15258 2
19504 12150 2
19813 5657 2
19825 14360 2
19880 721 2
19887 17632 2
32 15966 2
95 10960 2
99 7627 2
162 10153 2
196 15441 2
265 1066 2
300 1903 2
372 11632 2
613 8112 2
643 1455 1
666 18084 1
669 17251 2
863 19208 2
892 4283 2
1036 14773 2
1061 130 2
1079 10060 2
1166 8927 2
1375 13164 2
1381 8944 2
1506 15557 2
1940 17784 2
1943 7925 2
2005 14800 2
2018 12931 2
2188 7837 2
2230 15107 2
2247 6278 2
2326 15398 2
2333 8024 2
2360 10463 2
2372 9781 2
2407 10051 2
2457 1573 2
2536 11825 2
2896 4840 2
2929 9981 2
3249 17915 2
3347 14536 2
3406 15557 2
3420 14372 1
3495 13258 2
3530 16754 2
3559 17905 2
3572 7344 2
3616 10468 2
3687 7497 2
3718 19332 2
3819 19204 2
3870 18084 2
3930 15239 2
3951 18424 2
4088 5394 2
4258 4596 2
4343 8862 2
4414 10761 1
4488 865 2
4493 7097 2
4533 18931 2
4655 9977 1
4717 6757 2
5155 11738 2
5225 496 2
5288 3942 2
5305 15345 1
5317 17388 2
5362 4914 2
5412 9914 2
5431 1028 2
5480 6931 2
5494 8671 2
5502 18771 2
5524 6888 1
5577 5975 2
6081 3178 2
6120 9491 1
6161 4170 2
6254 19754 2
6294 10394 2
6327 12489 2
6454 103 1
6469 13099 2
6482 2572 2
6485 1840 2
6582 1881 2
6665 12038 2
6727 19907 2
6924 5433 2
6994 1861 1
7186 3137 2
7186 19119 2
7227 3472 2
7283 394 2
7310 287 2
7329 521 2
7370 1444 2
7394 6420 2
7572 2547 2
7743 41 2
7793 18684 2
7967 19881 2
7974 7988 1
7987 11506 2
8016 3441 1
8044 3692 1
8052 3125 1
8136 16425 2
8271 17046 2
8275 11782 2
8292 7869 2
8346 16748 2
8412 15667 2
8439 17250 2
8439 19147 2
8483 19389 2
8714 14112 2
9126 4689 2
9126 5978 2
9176 9356 2
9362 1903 2
9438 4307 2
9445 17905 1
9465 12454 2
9557 14911 2
9682 19636 2
9729 4438 2
9740 2996 2
10008 6608 2
10141 8015 2
10345 5978 2
10545 13696 2
10622 11426 2
10744 4586 2
10813 14690 1
10820 2339 2
11014 9807 2
11083 9726 2
11178 801 2
11192 15807 2
11264 13258 2
11321 19994 2
11337 14911 2
11410 18109 2
11414 18423 2
11804 19103 2
11838 13758 2
11965 16927 2
12215 13663 1
12250 15452 2
12273 6035 2
12286 13190 2
12431 4579 2
12749 7494 2
12768 10664 2
12840 3797 2
12859 6954 2
13078 15484 2
13107 3061 2
13183 3437 2
13203 10782 2
13259 15963 1
13315 12491 2
13349 14295 2
13629 10885 2
13707 13273 2
13850 15672 2
13964 15266 2
14235 7837 2
14235 11290 2
14240 16752 2
14245 3091 2
14256 16316 2
14343 2972 2
14343 15807 2
14404 759 2
14443 14322 2
14445 19190 2
14509 13788 2
14532 19371 2
14564 1320 2
14826 19796 2
14862 11409 2
14862 16143 2
14865 1425 1
14924 3307 2
15047 133 2
15093 6747 2
15162 10817 2
15176 350 2
15205 10927 2
15354 15787 2
15413 17714 2
15596 797 2
15744 1304 2
15748 16820 2
15789 6278 2
15795 13641 2
15848 4292 2
15915 1216 2
15993 10332 2
16062 1772 2
16087 4233 2
16123 12046 2
16364 19872 2
16550 13723 2
16585 14835 2
16622 2139 1
16630 2021 2
16842 4733 2
17007 16194 2
17038 4966 2
17119 10463 2
17192 9477 2
17215 3788 2
17228 5717 2
17433 12332 2
17441 15961 0
17464 16613 2
17506 8578 2
17536 19544 2
17702 7265 2
17876 5633 1
17932 8112 2
18017 10905 2
18035 4634 2
18079 13823 2
18079 18193 2
18136 16430 2
18341 19291 2
18384 500 2
18441 19073 2
18565 9973 2
18584 8805 2
18593 3183 2
18708 16285 2
18790 14298 2
18792 8669 2
18953 17030 2
19098 10546 2
19116 7282 2
19348 18381 2
19613 9646 2
19682 19694 2
19726 9100 1
19876 7453 2
19941 470 2
151 11444 2
588 17072 2
601 4013 2
609 17304 1
649 7768 2
683 15113 2
1211 19210 2
1396 12792 2
1619 13427 2
1629 13170 2
1715 203 2
1812 13235 2
1839 15680 2
1938 19090 2
2333 3464 1
2603 13611 2
2677 12199 2
2822 3948 2
2963 17049 2
3389 2689 2
3782 2280 2
3927 1859 2
3983 11890 2
4217 1720 2
4393 1492 2
4546 19854 2
4772 15904 2
4823 5894 2
5067 18528 2
5098 13849 1
5113 12015 2
5259 13611 2
5314 2308 2
5643 9470 2
5683 11625 2
5683 17743 1
5794 1276 2
5830 12423 2
6050 11309 2
6081 19099 2
6210 5947 2
6466 15912 2
6829 4059 2
6922 3219 2
6959 19823 2
7071 16856 2
7125 19587 1
7134 12735 2
7151 15324 2
7253 12861 2
7458 16121 2
7707 18984 2
7716 1914 1
7920 8722 2
7987 2833 2
8181 17368 2
8209 5326 2
8217 19171 2
8275 11306 1
8369 7592 2
8905 16138 2
9097 2093 2
9102 16857 2
9156 6834 2
9188 14558 2
9302 8882 2
9308 18979 2
9445 10127 2
9576 16617 1
9930 3337 2
9938 17444 2
9943 6967 2
10272 16609 2
10454 2388 2
10475 11109 2
10571 1040 2
10607 18267 2
10744 6957 2
10868 4812 1
11247 16503 2
11310 13911 2
11389 17396 2
11533 18442 2
12067 2088 2
12255 8108 2
12255 10935 2
12437 12754 2
12662 16393 2
12739 6251 2
12872 10708 2
12894 12391 2
13078 8135 2
13382 9739 2
13549 10480 2
13892 15617 2
14106 532 2
14122 17245 2
14221 5563 2
14319 8757 2
14649 8109 1
14865 8438 2
15517 13263 2
15866 12978 2
15925 5011 2
16335 18928 2
16340 13960 2
16382 5492 2
16556 4311 2
16695 4754 2
16965 1331 2
17173 4848 2
17383 6519 2
17464 1040 2
17684 8665 1
17768 2880 2
17867 9151 2
17979 2441 2
17997 1474 2
18006 1952 2
18029 3337 2
18029 16693 2
18504 10047 2
18671 11618 2
18695 3661 2
18736 18459 2
18847 6117 2
18953 12670 2
19051 9616 2
19662 13953 2
19679 15781 2
19744 7211 2
19842 2790 2
25 13055 2
154 12571 2
205 4583 2
459 10196 2
541 13816 2
590 3122 2
762 15063 2
809 18616 0
846 16202 2
1037 19921 2
1094 16219 2
1243 2839 2
1533 13620 2
1582 13034 2
1727 14037 2
1727 17243 2
1781 13321 2
2075 5302 1
2128 4360 2
2368 5745 2
2401 12036 2
2416 6812 2
2577 9705 2
2623 17074 2
2654 16571 1
2675 5611 2
2795 2905 2
2796 11039 2
2839 1243 2
2905 2795 2
2944 3905 2
3122 590 2
3159 17074 2
3333 18834 2
3762 7156 2
3803 9903 2
3905 2944 2
3945 18046 1
3974 5267 2
4054 6246 2
4065 10814 1
4095 11503 2
4143 6893 2
4185 16644 2
4282 16109 2
4360 2128 2
4447 6958 2
4583 205 2
4683 9428 2
4817 14821 2
4870 7496 2
5064 9875 2
5094 9185 2
5267 3974 2
5294 11131 2
5302 2075 1
5566 10361 2
5611 2675 2
5745 2368 2
5756 9923 2
5782 15211 2
5791 12692 2
6083 12903 2
6174 14912 2
6246 4054 2
6310 12182 2
6323 6465 2
6465 6323 2
6653 19710 2
6812 2416 2
6893 4143 2
6958 4447 2
6986 13446 2
7070 11723 2
7072 16822 2
7156 3762 2
7280 17102 2
7320 14115 2
7496 4870 2
7618 12355 2
7620 19800 2
7669 18530 2
7884 15349 2
7995 11336 1
8066 10694 2
8067 19436 2
8222 18819 2
8405 12852 2
8575 12194 2
8707 13386 2
9041 13180 1
9185 5094 2
9245 9411 1
9411 9245 1
9427 12257 2
9428 4683 2
9705 2577 2
9719 19751 2
9875 5064 2
9903 3803 2
9923 5756 2
9984 18150 2
10016 13822 2
10182 19936 2
10196 459 2
10200 13656 2
10246 19646 2
10257 19151 2
10361 5566 2
10361 15300 2
10366 13511 2
10413 13025 2
10459 18325 1
10524 19379 2
10548 19569 2
10694 8066 2
10814 4065 1
10847 15946 2
11039 2796 2
11039 15363 2
11131 5294 2
11336 7995 1
11434 12327 2
11503 4095 2
11723 7070 2
11951 12132 2
11961 13838 1
12036 2401 2
12094 19646 2
12132 11951 2
12182 6310 2
12194 8575 2
12257 9427 2
12327 11434 2
12355 7618 2
12571 154 2
12692 5791 2
12718 13944 2
12852 8405 2
12852 16741 1
12888 16347 2
12903 6083 2
13025 10413 2
13034 1582 2
13055 25 2
13180 9041 1
13211 19009 2
13224 15661 2
13321 1781 2
13386 8707 2
13446 6986 2
13452 18535 2
13465 16009 2
13511 10366 2
13620 1533 2
13656 10200 2
13816 541 2
13822 10016 2
13838 11961 1
13895 19985 2
13944 12718 2
14037 1727 2
14115 7320 2
14533 16402 0
14628 16276 2
14805 19458 2
14821 4817 2
14870 19651 1
14912 6174 2
15029 17100 2
15063 762 2
15211 5782 2
15300 10361 2
15349 7884 2
15363 11039 2
15448 18259 2
15574 17080 2
15661 13224 2
15838 17450 2
15946 10847 2
16000 17930 2
16009 13465 2
16027 16627 2
16109 4282 2
16202 846 2
16219 1094 2
16276 14628 2
16347 12888 2
16376 16691 2
16402 14533 0
16406 19720 2
16571 2654 1
16627 16027 2
16644 4185 2
16671 18822 2
16691 16376 2
16741 12852 1
16822 7072 2
16960 19046 2
17074 2623 2
17074 3159 2
17080 15574 2
17100 15029 2
17102 7280 2
17233 19398 2
17243 1727 2
17297 19185 2
17450 15838 2
17930 16000 2
18046 3945 1
18150 9984 2
18259 15448 2
18325 10459 1
18530 7669 2
18535 13452 2
18616 809 0
18819 8222 2
18822 16671 2
18834 3333 2
19009 13211 2
19046 16960 2
19151 10257 2
19185 17297 2
19379 10524 2
19398 17233 2
19436 8067 2
19458 14805 2
19492 19728 2
19569 10548 2
19646 10246 2
19646 12094 2
19651 14870 1
19710 6653 2
19720 16406 2
19728 19492 2
19751 9719 2
19800 7620 2
19921 1037 2
19936 10182 2
19985 13895 2
66 8097 2
91 9354 2
168 19378 2
268 6284 2
345 9693 1
416 15296 2
454 6921 2
504 17273 0
558 2873 2
676 15254 2
793 10449 2
808 11038 2
855 16591 2
894 12011 2
949 12836 2
967 13719 1
1154 12161 2
1228 1226 2
1268 4077 2
1297 13974 2
1297 14486 1
1533 3184 2
1622 14576 2
1636 18161 2
1641 18753 2
1689 4066 1
1738 5165 2
1781 8574 2
1849 6138 2
1942 16127 2
1947 10796 2
2039 8043 2
2062 8413 2
2206 18775 2
2391 7710 2
2413 13971 2
2498 5232 2
2601 13064 2
2675 9857 2
2771 7375 2
2947 3706 2
3130 14531 2
3152 3589 2
3203 9436 2
3256 9055 2
3256 10336 2
3350 2114 2
3358 19656 2
3367 17925 2
3412 19467 2
3433 12263 2
3433 13143 1
3471 10206 2
3531 8056 2
3888 4062 2
3932 15834 2
3965 11758 2
4048 14530 2
4121 17451 2
4154 14426 2
4282 7519 2
4318 16863 2
4431 16647 2
4518 15209 2
4523 15272 2
4648 2873 2
4678 12598 1
4749 371 2
4786 5774 2
4850 213 2
4861 11840 2
4929 19369 2
4988 5865 2
5221 17508 2
5255 12712 2
5306 15728 2
5342 8450 2
5350 12019 2
5367 15780 2
5406 12962 2
5436 12932 2
5449 9698 2
5713 7886 2
5735 9567 2
5742 16130 2
5744 10199 2
5776 16705 2
5776 17977 2
5792 13108 2
5822 11562 2
5859 2454 2
5923 15470 2
6034 17101 2
6056 3975 2
6133 17437 2
6226 10508 2
6411 14888 2
6436 16626 2
6452 1316 2
6512 8239 2
6609 3068 2
6766 9044 1
6786 11941 2
6893 2773 2
6964 5917 2
6996 19564 2
7054 526 2
7070 14196 2
7072 5948 2
7072 19901 0
7106 19898 2
7156 8059 2
7185 8133 2
7415 6137 2
7576 2187 2
7577 2343 2
7686 14700 2
7805 10956 2
7813 15225 2
7820 7699 1
7860 9581 2
8172 16769 1
8174 5184 2
8279 14047 2
8392 13952 2
8634 5796 2
8729 1100 2
8811 18602 2
8827 1745 1
8876 11213 2
8963 5448 2
9068 17977 2
9094 1367 2
9221 12932 2
9252 19609 2
9543 916 2
9551 3922 2
9596 15871 2
9665 5049 2
9795 8655 2
9982 6692 2
9982 8313 1
10036 7055 2
10218 10333 2
10342 9944 2
10344 9645 2
10464 189 2
10464 15445 2
10658 4679 2
10860 16378 2
10994 16953 2
11016 16527 2
11207 15051 2
11217 18564 2
11234 6107 2
11499 13936 2
11503 14774 2
11586 12497 2
11602 18226 2
11721 5513 2
11754 8560 2
11754 13700 2
11876 3391 2
11876 9799 2
11902 18886 2
11986 6567 2
11987 10542 1
12027 3207 2
12114 13978 2
12149 799 1
12149 19784 2
12154 2470 2
12154 15503 2
12197 8313 2
12294 18467 2
12472 12602 2
12544 17022 2
12750 6107 2
12880 10974 2
12896 15446 2
12903 8558 2
13145 12811 2
13566 15226 2
13626 135 2
13628 17316 2
13637 12388 2
13715 2585 2
13729 14629 2
13730 5936 2
13802 7712 2
13822 2437 1
13990 4398 2
13990 8841 2
14027 14222 2
14075 16705 1
14120 16900 2
14146 17562 2
14438 2594 2
14665 16980 2
14714 8656 2
14793 3334 1
14969 11615 2
15002 8484 2
15089 18111 1
15183 11906 2
15219 9055 2
15219 10336 2
15329 15352 2
15358 16628 2
15491 19077 2
15529 5796 2
15530 5386 2
15639 6926 2
15782 9608 2
15855 6204 2
15890 1080 2
15984 7286 2
16183 12663 2
16237 15578 2
16257 7268 2
16297 17261 2
16384 19595 2
16698 15514 2
16735 4398 1
16851 12552 2
17019 2830 2
17143 15020 2
17246 11562 2
17370 8402 1
17374 13360 1
17389 5872 1
17417 6568 2
17417 8749 1
17472 15250 1
17523 3377 2
17594 19160 1
17606 5063 2
17673 2530 2
17800 2330 2
17830 13825 1
17838 6143 2
17930 5138 2
18066 3868 2
18100 8956 2
18214 9584 1
18217 3040 2
18217 5673 2
18335 5003 2
18342 3430 2
18485 4344 2
18522 10035 2
18530 14956 2
18630 12213 1
18762 19060 2
19009 18003 2
19040 3740 2
19040 17993 2
19196 8745 2
19242 16944 1
19321 17862 2
19421 9895 1
19514 4768 2
19563 1347 2
19667 5674 2
19789 14303 2
19932 14456 1
19985 4766 2
19985 19330 2
19986 8187 2
345 14154 2
454 1515 2
692 17428 2
765 7911 1
972 15088 2
1081 15939 1
1111 4202 2
1129 908 2
1225 1671 2
1238 19545 2
1293 4781 1
1332 1705 1
1366 1699 2
1366 19406 2
1388 4061 2
1430 15357 2
1436 1723 2
1498 13758 2
1615 19916 2
1636 16894 2
1641 6888 2
1813 19457 2
1899 16266 2
2017 16929 2
2346 13050 2
2370 586 2
2370 8173 1
2588 2303 2
2770 9817 2
2771 585 2
2789 3653 2
2889 8453 2
2933 19772 1
2949 10894 2
2953 13000 2
3159 14575 2
3332 10976 2
3341 19994 2
3446 2045 2
3659 18137 2
3677 626 2
3866 18407 2
3902 6209 2
3905 636 2
3905 7135 2
4006 13389 2
4047 4805 2
4048 17411 2
4246 11536 2
4269 2203 1
4296 1976 2
4339 5295 2
4538 5044 2
4571 16326 2
4571 18550 1
4606 3120 2
4644 6397 2
4750 9100 2
4825 5699 2
4871 11760 2
5048 16807 2
5100 2931 2
5233 296 1
5246 1976 2
5323 3177 2
5553 4690 2
5660 13989 2
5782 15799 2
6021 17720 2
6034 17661 1
6263 4233 2
6273 5158 2
6273 13009 2
6329 13559 1
6817 10532 2
6944 4144 2
6978 11611 2
7109 18650 2
7278 8422 2
7280 19516 2
7407 677 2
7496 19754 2
7559 16917 2
7676 8765 2
7683 1021 2
7690 19972 2
7701 5236 2
7760 4719 2
7760 13641 2
7970 10980 2
7970 18021 1
8179 14806 2
8215 1552 2
8309 407 2
8367 11620 2
8404 2203 2
8713 2761 2
8875 6015 2
9162 18090 2
9254 5313 2
9255 10409 2
9719 16692 2
9751 9283 2
9770 3476 2
9770 4586 2
9876 5603 2
9903 12541 1
9911 10528 2
9969 16737 2
9982 17696 2
10016 11585 2
10146 5694 1
10146 16284 2
10361 12421 2
10389 9107 2
10533 9807 2
10592 4820 2
10618 3604 2
10764 3484 2
10869 17570 1
10869 18332 2
10874 4375 2
10917 4660 2
10946 4776 2
10965 8938 2
10984 5715 2
11004 8268 2
11154 6787 2
11202 5775 2
11241 1743 2
11380 13491 1
11508 2964 2
11528 9136 2
11530 18884 1
11598 17030 2
11755 9189 2
11787 10976 2
11846 12192 2
11923 4586 2
12188 10823 2
12294 7315 1
12295 12467 2
12544 16971 2
12673 4585 2
12685 9817 2
12685 12553 2
12849 14254 2
13471 5114 2
13580 8090 2
13595 12309 2
13596 3192 2
13715 2700 2
13750 3663 2
13838 12504 2
13898 7194 2
13898 16841 2
13993 15894 2
14115 6282 1
14123 19190 2
14146 15215 2
14243 18426 2
14390 3987 2
14580 14983 2
14772 11163 2
15422 6209 2
15436 4363 2
15465 13848 2
15488 19489 1
15489 10648 2
15574 18897 2
15601 8079 2
15663 4618 2
15676 10911 2
15697 18394 2
15722 13591 2
15898 6185 1
15998 14886 2
16107 19204 2
16147 4307 2
16237 4779 2
16276 596 2
16291 16917 1
16329 18771 2
16400 18434 2
16645 15835 2
16671 3915 2
16713 9564 2
16713 13811 2
16743 12059 2
16749 13303 2
16941 10797 2
16979 10443 2
17084 16737 2
17142 12555 2
17385 11326 2
17746 16316 2
17839 16368 2
17996 12814 2
18246 15758 2
18325 19566 2
18596 3484 2
18639 8391 2
18762 15650 2
18880 4914 2
19041 15041 2
19183 19754 2
19362 10329 2
19392 6478 2
19514 15758 2
19797 7050 2
19859 10332 1
19923 8678 2
19988 13113 1
92 485 2
198 8993 2
257 4056 2
412 1126 2
425 6462 2
425 19015 2
513 856 2
546 2241 2
568 478 2
682 3894 2
932 10433 2
1162 2088 2
1265 9745 2
1281 7728 2
1330 14742 2
1408 16022 2
1488 1310 2
1574 9667 2
1575 14815 2
1708 1084 2
1788 10234 2
1857 19042 2
1942 17049 2
2019 7211 2
2111 1310 2
2394 1124 2
2596 17499 2
2600 14462 2
2654 5942 2
2658 12050 2
3260 1496 2
3390 10556 2
3533 4760 2
3569 18490 2
4104 11347 2
4154 12378 2
4281 12608 2
4296 435 2
4447 5563 2
4648 18784 2
4720 19200 2
4850 684 2
4853 8719 2
6576 9775 2
6653 12243 2
6658 1084 2
6720 819 2
6883 14052 2
6912 2970 2
6925 18984 2
7352 3637 2
7618 2903 2
7711 6721 2
7868 5698 2
8140 7212 2
8489 16234 2
8966 16666 2
8999 7061 2
9042 819 2
9061 3009 2
9131 16081 2
9444 3948 2
9452 485 2
9452 6285 2
9876 16669 2
10100 14416 2
10225 15638 2
10319 15027 2
10414 2887 2
10847 919 2
10847 12502 2
11188 3063 2
11188 6400 2
11246 19083 2
11666 6248 2
12525 6248 2
12544 2038 2
12625 1007 2
12728 9076 2
12729 9739 2
13129 12522 2
13206 12095 2
13244 3815 2
13530 12288 2
13730 4020 2
13855 3111 2
14018 5501 2
14115 15565 2
14217 16744 2
15005 13692 2
15582 3815 2
15697 19210 2
15767 4931 2
15862 11512 2
15941 8135 2
15971 752 2
15971 14604 2
16019 18825 2
16175 19203 2
16220 4231 2
16242 18666 2
16274 4460 2
16297 11258 2
16388 2854 2
16388 8882 2
16499 12162 2
16691 6639 2
16941 1101 2
17493 4937 2
17609 7943 2
17642 4276 2
18115 17395 2
18610 9745 2
18972 18442 2
19136 17355 2
19392 4415 2
19859 19626 2
13 13560 2
109 3334 2
124 4556 2
230 12943 2
338 18585 2
358 5574 2
371 3089 2
471 9013 2
548 15375 2
645 13004 1
662 9812 2
675 7543 2
847 10573 2
1116 2530 2
1123 7554 2
1130 12682 2
1130 19272 2
1156 3922 2
1475 10252 2
1531 8413 2
1610 13541 2
1610 15272 2
1695 19634 2
1858 17085 2
1932 17574 2
1944 4811 2
1969 6688 2
1969 19725 2
2100 11810 2
2113 10771 2
2145 16980 2
2252 2429 2
2282 4245 2
2363 13052 2
2429 2252 2
2502 12615 2
2530 1116 2
2530 3873 2
2535 19806 2
2619 13487 2
2912 9533 2
3028 16914 2
3089 371 2
3099 8259 2
3334 109 2
3377 15511 2
3501 3681 2
3565 3584 2
3581 14583 2
3584 3565 2
3584 13496 2
3623 19483 1
3681 3501 2
3690 18747 1
3721 15296 2
3747 6668 2
3756 13818 2
3795 7844 2
3873 2530 2
3922 1156 2
3936 4066 2
3936 12485 2
3936 17415 2
4055 12137 2
4066 3936 2
4067 7596 2
4245 2282 2
4416 17982 2
4506 6923 2
4556 124 2
4556 12966 2
4595 13509 2
4619 12497 2
4650 10392 2
4695 15644 2
4704 10866 2
4735 7363 2
4803 8821 2
4811 1944 2
4839 13952 2
4968 10821 2
5039 15242 2
5232 9436 2
5574 358 2
5606 18904 2
5610 7992 1
5701 8148 2
5731 16700 2
5901 15715 2
6245 17507 2
6267 16673 1
6328 12867 2
6422 13937 2
6552 7596 2
6638 10952 2
6668 3747 2
6688 1969 2
6923 4506 2
7014 12665 2
7245 16763 1
7363 4735 2
7482 13165 2
7518 16953 2
7543 675 2
7554 1123 2
7554 19020 2
7596 4067 2
7596 6552 2
7735 17841 2
7761 12280 2
7844 3795 2
7898 10072 2
7992 5610 1
8148 5701 2
8164 18039 2
8205 18922 2
8229 16688 1
8259 3099 2
8324 15460 2
8413 1531 2
8450 8781 2
8711 16720 2
8781 8450 2
8799 18564 2
8821 4803 2
9003 11048 2
9013 471 2
9111 14866 2
9229 12762 2
9334 9706 2
9357 13409 2
9423 17232 2
9436 5232 2
9533 2912 2
9619 18524 2
9706 9334 2
9774 15039 2
9805 10449 2
9812 662 2
9826 16742 2
10072 7898 2
10252 1475 2
10392 4650 2
10449 9805 2
10535 14718 2
10573 847 2
10578 17704 2
10650 18615 2
10771 2113 2
10821 4968 2
10866 4704 2
10952 6638 2
11003 17519 2
11048 9003 2
11788 12794 2
11810 2100 2
12070 15381 2
12137 4055 2
12280 7761 2
12485 3936 2
12497 4619 2
12615 2502 2
12665 7014 2
12682 1130 2
12706 19092 2
12762 9229 2
12794 11788 2
12867 6328 2
12943 230 2
12966 4556 2
13004 645 1
13004 18916 1
13052 2363 2
13132 15981 2
13165 7482 2
13409 9357 2
13487 2619 2
13496 3584 2
13509 4595 2
13541 1610 2
13560 13 2
13713 19478 1
13818 3756 2
13937 6422 2
13952 4839 2
14084 15242 2
14583 3581 2
14595 17474 2
14718 10535 2
14866 9111 2
15039 9774 2
15242 5039 2
15242 14084 2
15272 1610 2
15296 3721 2
15375 548 2
15381 12070 2
15460 8324 2
15511 3377 2
15644 4695 2
15715 5901 2
15981 13132 2
16215 18027 2
16472 19756 2
16673 6267 1
16688 8229 1
16688 19938 2
16700 5731 2
16720 8711 2
16742 9826 2
16763 7245 1
16763 18111 2
16914 3028 2
16953 7518 2
16980 2145 2
17058 18361 1
17085 1858 2
17223 17461 2
17232 9423 2
17400 17544 2
17415 3936 2
17461 17223 2
17474 14595 2
17507 6245 2
17519 11003 2
17544 17400 2
17574 1932 2
17704 10578 2
17841 7735 2
17982 4416 2
18027 16215 2
18039 8164 2
18111 16763 2
18361 17058 1
18418 19752 2
18524 9619 2
18564 8799 2
18577 19476 2
18585 338 2
18615 10650 2
18747 3690 1
18904 5606 2
18916 13004 1
18922 8205 2
19020 7554 2
19092 12706 2
19272 1130 2
19476 18577 2
19478 13713 1
19483 3623 1
19634 1695 2
19725 1969 2
19752 18418 2
19756 16472 2
19806 2535 2
19938 16688 2
97 12115 2
169 18600 2
526 6036 2
721 12931 2
754 15861 2
771 6176 2
847 6861 2
1083 15956 2
1170 15939 2
1660 4618 2
1770 1541 2
1895 9819 2
1908 8678 2
1993 1092 2
2002 19352 2
2014 13811 2
2029 19796 2
2087 10405 2
2116 17182 2
2154 6073 2
2179 8559 2
3013 9224 2
3186 13258 2
3385 8460 2
3425 11363 2
3608 11468 2
3651 9283 2
3791 3493 2
4066 15994 2
4073 19874 2
4123 7045 2
4174 3036 2
4335 12679 2
4403 4550 2
4406 1087 2
4406 13066 2
4463 3919 2
4767 16284 2
4976 2557 2
5147 3183 2
5609 6909 2
5774 6610 2
5821 12489 2
5844 8510 2
5879 16421 2
5948 2376 2
6115 19590 2
6434 2224 2
6434 15995 2
6563 677 2
6605 3797 2
6921 2521 2
6923 5009 2
7166 3942 2
7244 13890 2
7442 6742 2
7548 14413 2
7554 12231 2
7873 725 2
8043 8831 2
8146 10562 2
8163 15487 2
8331 12210 2
8331 18449 2
8336 15995 2
8546 5414 2
8652 362 2
8973 8614 2
9016 13976 2
9133 586 2
9286 7717 2
9300 9057 2
9306 4779 2
9306 14060 2
9425 15206 2
9669 14729 2
9736 7567 2
10535 8122 2
10569 13282 2
10595 16143 2
10681 18426 2
11152 19161 2
11212 17471 2
11559 7131 2
11659 11327 2
11659 14598 2
11727 7764 2
12263 19457 2
12485 15994 2
12508 7907 2
12706 2473 2
12816 689 2
12986 3807 2
13600 15894 2
14253 10405 2
14576 1840 2
14795 9215 2
14849 8024 2
15080 14598 2
15097 14254 2
15227 15178 2
15397 8006 2
15568 19674 2
17101 12439 2
17354 10911 2
17574 9356 2
17827 3643 2
17994 5262 2
18111 1817 2
18213 8635 2
19188 16816 2
19272 14900 2
19369 1256 2
19478 785 2
19703 6608 2
19716 8704 2
19725 8712 2
19752 5463 2
19827 19635 2
19898 9536 2
19950 4061 2
